06-18年算法
世锦赛积分
名次 1    2   3   4    5   6   7   8   9    10   11   12
积分240  200 180 160  140 120 100  90  80   70   60   50
冬奥赛积分
名次 1   2   3   4    5   6   7   8   9  10   11    12
积分480 400 360 320  270 240 200 180 160 140  120  100
各赛季积分比例
与现赛季时间差距 0    1   2    3    4    5
比例（%）       100  80  60   40   30   20
18年后算法
世锦赛及奥运会积分
名次 1    2   3   4    5   6   7   8   9   10  11  12  13
积分240  200 180 150  120 110 100  90  80  70  60  50  45
在预选赛出局分数从45到1分不等
各赛季积分比例
与现赛季时间差距 0    1  2   3   
比例（%）       100  75 60  40  
