奥运会世锦赛同分同时计入排名，积分周期4年
2023年后积分
名次	 1	    2	    3	    4	    5	   6	   7	   8	    9	    10	 11	   12	   13	   14	   15	   16	   17	   18	   19	…
积分	1600	1560	1520	1500	1460	1440	1420	1400	1360	1340	1320	1300	1280	1260	1240	1220	1200	1180	1160	…
2023年年前积分
名次	  1	    2	   3	    4	    5	   6	    7	    8	    9	 10	 11	 12	13	 14	15	 16	17	18	 19	…
积分	1200	1160	1120	1100	1060	1040	1020	1000	960	940	920	900	880	860	840	820	800	780	760	…
各赛季积分计入比例 
年份      1   2    3    4    5
比例（%）100  75   50   25   0
