爬坡积分
2010年前
坡度 1  2   3    4    5    6    7    8    9   10
HC  20 18  16   14   12   10    8    7    6   5
4   15 13  11   9     8    7    6    5
3   10  9   8   7     6    5
2    4  3   2   1
1    3  2   1
2010年后
坡度 1  2   3    4    5    6    7    8    9   10
HC  25  20  16   14   12   10   8    6    4   2
4   10  8   6   4     2    1
3    5  3   2   1
2    3  2   1
1    1
冲刺积分
2010年前
              1st	2nd	3rd	4th	5th	6th	7th	8th	9th	10th	11th	12th	13th	14th	15th	16th	17th	18th	19th	20th	21st	22nd	23rd	24th	25th
  平地赛段终点 35	30	26	24	22	20	19	18	17	16	   15	   14	   13	   12	    11  	10  	9	    8	    7	   6	   5	   4	   3	   2	   1
中等平地赛段终点25 22	20	18	16	15	14	13	12	11	   10	    9	    8	    7	     6	   5	   4	  3	    2	   1					
	  赛段终点	20	17	15	13	11	10	9	   8	 7	 6	    5	    4	    3	    2    	 1										
个人冲刺赛终点 15	12	10	8	   6	 5	4	   3	 2	 1															
途中冲刺点	   6	 4	 2	
2011-1016
              1st	2nd	3rd	4th	5th	6th	7th	8th	9th	10th	11th	12th	13th	14th	15th	
  平地赛段终点 45	35	30	26	22	20	18	16	14	12	   10	    8	    6	    4	     2 	
中等平地赛段终点30 25  22  19  17  15 13   11  9   7      6      5    4     3      2				
	  赛段终点	20	17	15	13	11	10	9	   8	 7	 6	    5	    4	    3	    2    	 1										
个人冲刺赛终点 20	17	15	13	11	10	9	   8	 7	 6	    5	    4	    3	    2    	 1															
途中冲刺点	  20	17	15	13	11	10	9	   8	 7	 6	    5	    4	    3	    2    	 1		
2016年后
              1st	2nd	3rd	4th	5th	6th	7th	8th	9th	10th	11th	12th	13th	14th	15th	
  平地赛段终点 50	30	20	18	16	14	12	10	 8	 7	   6	    5	    4     3	     2 	
中等平地赛段终点30 25  22  19  17  15 13   11  9   7      6      5    4     3      2				
	  赛段终点	20	17	15	13	11	10	9	   8	 7	 6	    5	    4	    3	    2    	 1										
个人冲刺赛终点 20	17	15	13	11	10	9	   8	 7	 6	    5	    4	    3	    2    	 1															
途中冲刺点	  20	17	15	13	11	10	9	   8	 7	 6	    5	    4	    3	    2    	 1		
